0.25,0.25,0.25,0.25,0.25,0.25,0.25,0.25
0.25,0.25,0.25,0.25,0.25,0.25,0.25,0.25
0.25,0.25,0.25,0.25,0.25,0.25,0.25,0.25
0.25,0.25,0.25,0.25,0.25,0.25,0.25,0.25
0.25,0.25,0.25,0.25,0.25,0.25,0.25,0.25
0.25,0.25,0.25,0.25,0.25,0.25,0.25,0.25
0.25,0.25,0.25,0.25,0.25,0.25,0.25,0.25
0.25,0.25,0.25,0.25,0.25,0.25,0.25,0.25
0.25,0.25,0.25,0.25,0.25,0.25,0.25,0.25
0.25,0.25,0.25,0.25,0.25,0.25,0.25,0.25
0.25,0.25,0.25,0.25,0.25,0.25,0.25,0.25
0,0,0,1,0,0,0,1
0,0,0,1,0,0,0,1
0,0,0,1,0,0,0,1
0,0,0,1,0,0,0,1
0,0,0,1,0,0,0,1
0,0,0,1,0,0,0,1
0.25,0.25,0.25,0.25,0.25,0.25,0.25,0.25
0.25,0.25,0.25,0.25,0.25,0.25,0.25,0.25
0.25,0.25,0.25,0.25,0.25,0.25,0.25,0.25
0.25,0.25,0.25,0.25,0.25,0.25,0.25,0.25
0.25,0.25,0.25,0.25,0.25,0.25,0.25,0.25
0.25,0.25,0.25,0.25,0.25,0.25,0.25,0.25
0.25,0.25,0.25,0.25,0.25,0.25,0.25,0.25
0.25,0.25,0.25,0.25,0.25,0.25,0.25,0.25
0.25,0.25,0.25,0.25,0.25,0.25,0.25,0.25
0,0,1,0,0,0,1,0
0,0,1,0,0,0,1,0
0,0,1,0,0,0,1,0
0,0,1,0,0,0,1,0
0,0,1,0,0,0,1,0
0,0,1,0,0,0,1,0
0,0,1,0,0,0,1,0
0,0,1,0,0,0,1,0
0,0,1,0,0,0,1,0
0,0,1,0,0,0,1,0
0,0.544,0.456,0,0,1,1,0
0,0.544,0.456,0,0,1,1,0
0,0.544,0.456,0,0,1,1,0
0,0.544,0.456,0,0,1,1,0
0,0.544,0.456,0,0,1,1,0
0,0.544,0.456,0,0,1,1,0
0,0.544,0.456,0,0,1,1,0
0,0.544,0.456,0,0,1,1,0
0,0.544,0.456,0,0,1,1,0
0,0.544,0.456,0,0,1,1,0
0.056,0.528,0.416,0,1,1,1,0
0.056,0.528,0.416,0,1,1,1,0
0.056,0.528,0.416,0,1,1,1,0
0.056,0.528,0.416,0,1,1,1,0
0.056,0.528,0.416,0,1,1,1,0
0.056,0.528,0.416,0,1,1,1,0
0.056,0.528,0.416,0,1,1,1,0
0.056,0.528,0.416,0,1,1,1,0
0.056,0.528,0.416,0,1,1,1,0
0.056,0.528,0.416,0,1,1,1,0
0.123,0.349,0.405,0,2,1,1,0
0.123,0.349,0.405,0,2,1,1,0
0.123,0.349,0.405,0,2,1,1,0
0.123,0.349,0.405,0,2,1,1,0
0.123,0.349,0.405,0,2,1,1,0
0.123,0.349,0.405,0,2,1,1,0
0.123,0.349,0.405,0,2,1,1,0
0.123,0.349,0.405,0,2,1,1,0
0.123,0.349,0.405,0,2,1,1,0
0.123,0.349,0.405,0,2,1,1,0
0.126,0.2505,0.373,0,1,2,1,0
0.126,0.2505,0.373,0,1,2,1,0
0.126,0.2505,0.373,0,1,2,1,0
0.126,0.2505,0.373,0,1,2,1,0
0.126,0.2505,0.373,0,1,2,1,0
0.126,0.2505,0.373,0,1,2,1,0
0.126,0.2505,0.373,0,1,2,1,0
0.126,0.2505,0.373,0,1,2,1,0
0.126,0.2505,0.373,0,1,2,1,0
0.126,0.2505,0.373,0,1,2,1,0
0.099,0.181,0.2695,0,1,2,2,0
0.099,0.181,0.2695,0,1,2,2,0
0.099,0.181,0.2695,0,1,2,2,0
0.099,0.181,0.2695,0,1,2,2,0
0.099,0.181,0.2695,0,1,2,2,0
0.099,0.181,0.2695,0,1,2,2,0
0.099,0.181,0.2695,0,1,2,2,0
0.099,0.181,0.2695,0,1,2,2,0
0.099,0.181,0.2695,0,1,2,2,0
0.099,0.181,0.2695,0,1,2,2,0
0.093,0.1785,0.183333333333333,0,1,2,3,0
0.093,0.1785,0.183333333333333,0,1,2,3,0
0.093,0.1785,0.183333333333333,0,1,2,3,0
0.093,0.1785,0.183333333333333,0,1,2,3,0
0.093,0.1785,0.183333333333333,0,1,2,3,0
0.093,0.1785,0.183333333333333,0,1,2,3,0
0.093,0.1785,0.183333333333333,0,1,2,3,0
0.093,0.1785,0.183333333333333,0,1,2,3,0
0.093,0.1785,0.183333333333333,0,1,2,3,0
0.093,0.1785,0.183333333333333,0,1,2,3,0
0,0.1765,0.16175,0,0,2,4,0
0,0.1765,0.16175,0,0,2,4,0
0,0.1765,0.16175,0,0,2,4,0
0,0.1765,0.16175,0,0,2,4,0
0,0.1765,0.16175,0,0,2,4,0
0,0.1765,0.16175,0,0,2,4,0
0,0.1765,0.16175,0,0,2,4,0
0,0.1765,0.16175,0,0,2,4,0
0,0.1765,0.16175,0,0,2,4,0
0,0.1765,0.16175,0,0,2,4,0
0,0.152666666666667,0.1355,0,0,3,4,0
0,0.152666666666667,0.1355,0,0,3,4,0
0,0.152666666666667,0.1355,0,0,3,4,0
0,0.152666666666667,0.1355,0,0,3,4,0
0,0.152666666666667,0.1355,0,0,3,4,0
0,0.152666666666667,0.1355,0,0,3,4,0
0,0.152666666666667,0.1355,0,0,3,4,0
0,0.152666666666667,0.1355,0,0,3,4,0
0,0.152666666666667,0.1355,0,0,3,4,0
0,0.152666666666667,0.1355,0,0,3,4,0
0,0.13625,0.2275,0,0,4,2,0
