Election,PartyID,Type,VoteRecd,X,Y,Angle
0.1,1,3,1,-0.661,-1.176,0.204
0.2,1,3,1,-0.612,-1.166,0.204
0.3,1,3,1,-0.634,-1.12,2.018
0.4,1,3,1,-0.606,-1.162,5.292
0.5,1,3,1,-0.651,-1.186,3.63
0.6,1,3,1,-0.601,-1.179,0.133
0.7,1,3,1,-0.613,-1.131,1.806
0.8,1,3,1,-0.604,-1.18,4.891
0.9,1,3,1,-0.629,-1.136,2.092
1,1,3,1,-0.666,-1.169,3.859
1.1,1,3,0.351,-0.682,-1.122,1.88
1.1,2,2,0.649,0.389,0.14,0.575
1.2,1,3,0.395,-0.632,-1.113,0.181
1.2,2,2,0.605,0.358,0.386,0.575
1.3,1,3,0.411,-0.583,-1.104,0.181
1.3,2,2,0.589,0.342,0.484,0.575
1.4,1,3,0.415,-0.534,-1.095,0.181
1.4,2,2,0.585,0.333,0.52,0.575
1.5,1,3,0.422,-0.485,-1.085,0.181
1.5,2,2,0.578,0.324,0.532,0.575
1.6,1,3,0.427,-0.436,-1.076,0.181
1.6,2,2,0.573,0.311,0.551,0.575
1.7,1,3,0.435,-0.387,-1.067,0.181
1.7,2,2,0.565,0.294,0.568,0.575
1.8,1,3,0.443,-0.337,-1.058,0.181
1.8,2,2,0.557,0.281,0.587,0.575
1.9,1,3,0.45,-0.288,-1.049,0.181
1.9,2,2,0.55,0.255,0.612,0.575
2,1,3,0.456,-0.239,-1.04,0.181
2,2,2,0.544,0.236,0.63,0.575
2.1,1,3,0.397,-0.19,-1.031,0.181
2.1,2,2,0.535,0.199,0.652,0.575
2.1,3,1,0.068,0.513,-2.148,0.692
2.2,1,3,0.396,-0.238,-1.018,2.865
2.2,2,2,0.532,0.158,0.677,0.575
2.2,3,1,0.072,0.513,-2.148,0.692
2.3,1,3,0.402,-0.19,-1.031,6.014
2.3,2,2,0.53,0.159,0.682,0.575
2.3,3,1,0.068,0.513,-2.148,0.692
2.4,1,3,0.403,-0.142,-1.044,6.014
2.4,2,2,0.529,0.137,0.69,0.575
2.4,3,1,0.068,0.513,-2.148,0.692
2.5,1,3,0.405,-0.093,-1.058,6.014
2.5,2,2,0.53,0.105,0.697,0.575
2.5,3,1,0.065,0.513,-2.148,0.692
2.6,1,3,0.407,-0.045,-1.071,6.014
2.6,2,2,0.532,0.078,0.7,0.575
2.6,3,1,0.061,0.513,-2.148,0.692
2.7,1,3,0.406,0.003,-1.084,6.014
2.7,2,2,0.535,0.046,0.699,0.575
2.7,3,1,0.059,0.513,-2.148,0.692
2.8,1,3,0.399,-0.046,-1.091,3.277
2.8,2,2,0.54,0.011,0.696,0.575
2.8,3,1,0.061,0.513,-2.148,0.692
2.9,1,3,0.408,-0.003,-1.067,0.509
2.9,2,2,0.533,0.025,0.687,0.575
2.9,3,1,0.059,0.513,-2.148,0.692
3,1,3,0.416,0.041,-1.042,0.509
3,2,2,0.528,0.008,0.699,0.575
3,3,1,0.056,0.513,-2.148,0.692
3.1,1,3,0.419,0.084,-1.018,0.509
3.1,2,2,0.42,-0.026,0.707,0.575
3.1,3,1,0.06,0.513,-2.148,0.692
3.1,4,1,0.101,0.433,1.888,2.094
3.2,1,3,0.377,0.128,-0.994,0.509
3.2,2,2,0.439,-0.219,0.498,0.575
3.2,3,1,0.06,0.513,-2.148,0.692
3.2,4,1,0.124,0.433,1.888,2.094
3.3,1,3,0.368,0.078,-0.991,3.097
3.3,2,2,0.426,-0.407,0.387,0.575
3.3,3,1,0.062,0.513,-2.148,0.692
3.3,4,1,0.144,0.433,1.888,2.094
3.4,1,3,0.374,0.127,-1.004,6.022
3.4,2,2,0.405,-0.504,0.339,0.575
3.4,3,1,0.061,0.513,-2.148,0.692
3.4,4,1,0.16,0.433,1.888,2.094
3.5,1,3,0.382,0.175,-1.017,6.022
3.5,2,2,0.395,-0.587,0.308,0.575
3.5,3,1,0.054,0.513,-2.148,0.692
3.5,4,1,0.169,0.433,1.888,2.094
3.6,1,3,0.377,0.223,-1.03,6.022
3.6,2,2,0.398,-0.637,0.286,0.575
3.6,3,1,0.052,0.513,-2.148,0.692
3.6,4,1,0.173,0.433,1.888,2.094
3.7,1,3,0.382,0.2,-0.985,2.044
3.7,2,2,0.385,-0.671,0.25,0.575
3.7,3,1,0.055,0.513,-2.148,0.692
3.7,4,1,0.178,0.433,1.888,2.094
3.8,1,3,0.391,0.178,-0.941,2.044
3.8,2,2,0.374,-0.707,0.245,0.575
3.8,3,1,0.057,0.513,-2.148,0.692
3.8,4,1,0.178,0.433,1.888,2.094
3.9,1,3,0.398,0.155,-0.896,2.044
3.9,2,2,0.362,-0.734,0.252,0.575
3.9,3,1,0.061,0.513,-2.148,0.692
3.9,4,1,0.179,0.433,1.888,2.094
4,1,3,0.405,0.132,-0.852,2.044
4,2,2,0.349,-0.761,0.259,0.575
4,3,1,0.067,0.513,-2.148,0.692
4,4,1,0.179,0.433,1.888,2.094
4.1,1,3,0.354,0.109,-0.807,2.044
4.1,2,2,0.283,-0.785,0.275,0.575
4.1,4,1,0.098,0.433,1.888,2.094
4.1,5,2,0.265,0.639,0.395,5.519
4.2,1,3,0.344,0.109,-0.857,4.705
4.2,2,2,0.285,-0.993,0.254,0.575
4.2,4,1,0.107,0.433,1.888,2.094
4.2,5,2,0.264,0.852,0.294,5.519
4.3,1,3,0.341,0.158,-0.848,0.189
4.3,2,2,0.294,-1.006,0.237,0.575
4.3,4,1,0.112,0.433,1.888,2.094
4.3,5,2,0.253,0.921,0.227,5.519
4.4,1,3,0.333,0.138,-0.894,4.31
4.4,2,2,0.296,-0.992,0.222,0.575
4.4,4,1,0.117,0.433,1.888,2.094
4.4,5,2,0.254,0.957,0.204,5.519
4.5,1,3,0.335,0.108,-0.854,2.222
4.5,2,2,0.293,-0.987,0.221,0.575
4.5,4,1,0.12,0.433,1.888,2.094
4.5,5,2,0.252,0.965,0.166,5.519
4.6,1,3,0.342,0.078,-0.815,2.222
4.6,2,2,0.287,-0.991,0.228,0.575
4.6,4,1,0.12,0.433,1.888,2.094
4.6,5,2,0.251,0.976,0.146,5.519
4.7,1,3,0.35,0.047,-0.775,2.222
4.7,2,2,0.283,-1,0.241,0.575
4.7,4,1,0.12,0.433,1.888,2.094
4.7,5,2,0.247,0.987,0.14,5.519
4.8,1,3,0.356,0.017,-0.735,2.222
4.8,2,2,0.277,-1.002,0.254,0.575
4.8,4,1,0.122,0.433,1.888,2.094
4.8,5,2,0.245,1.004,0.138,5.519
4.9,1,3,0.365,-0.013,-0.695,2.222
4.9,2,2,0.268,-1.013,0.265,0.575
4.9,4,1,0.123,0.433,1.888,2.094
4.9,5,2,0.244,1.018,0.123,5.519
5,1,3,0.373,-0.044,-0.655,2.222
5,2,2,0.257,-1.024,0.288,0.575
5,4,1,0.126,0.433,1.888,2.094
5,5,2,0.244,1.04,0.097,5.519
5.1,1,3,0.372,-0.074,-0.616,2.222
5.1,2,2,0.24,-1.039,0.317,0.575
5.1,4,1,0.095,0.433,1.888,2.094
5.1,5,2,0.145,1.048,0.068,5.519
5.1,6,3,0.148,0.828,0.455,4.068
5.2,1,3,0.355,-0.026,-0.63,5.994
5.2,2,2,0.241,-1.078,0.341,0.575
5.2,4,1,0.096,0.433,1.888,2.094
5.2,5,2,0.127,1.334,-0.358,5.519
5.2,6,3,0.181,0.798,0.415,4.068
5.3,1,3,0.346,-0.06,-0.593,2.318
5.3,2,2,0.237,-1.085,0.329,0.575
5.3,4,1,0.098,0.433,1.888,2.094
5.3,5,2,0.119,1.425,-0.634,5.519
5.3,6,3,0.2,0.768,0.375,4.068
5.4,1,3,0.338,-0.013,-0.61,5.943
5.4,2,2,0.241,-1.095,0.333,0.575
5.4,4,1,0.099,0.433,1.888,2.094
5.4,5,2,0.114,1.427,-0.778,5.519
5.4,6,3,0.208,0.738,0.335,4.068
5.5,1,3,0.326,0.002,-0.562,1.265
5.5,2,2,0.243,-1.096,0.314,0.575
5.5,4,1,0.105,0.433,1.888,2.094
5.5,5,2,0.12,1.396,-0.845,5.519
5.5,6,3,0.206,0.708,0.295,4.068
5.6,1,3,0.323,0.008,-0.612,4.823
5.6,2,2,0.245,-1.107,0.29,0.575
5.6,4,1,0.099,0.433,1.888,2.094
5.6,5,2,0.118,1.349,-0.897,5.519
5.6,6,3,0.215,0.739,0.334,0.904
5.7,1,3,0.329,0.012,-0.562,1.485
5.7,2,2,0.248,-1.105,0.283,0.575
5.7,4,1,0.098,0.433,1.888,2.094
5.7,5,2,0.119,1.316,-0.928,5.519
5.7,6,3,0.206,0.77,0.374,0.904
5.8,1,3,0.325,0.016,-0.512,1.485
5.8,2,2,0.248,-1.098,0.28,0.575
5.8,4,1,0.101,0.433,1.888,2.094
5.8,5,2,0.121,1.278,-0.957,5.519
5.8,6,3,0.205,0.764,0.324,4.592
5.9,1,3,0.317,-0.001,-0.559,4.355
5.9,2,2,0.245,-1.116,0.257,0.575
5.9,4,1,0.099,0.433,1.888,2.094
5.9,5,2,0.123,1.252,-0.992,5.519
5.9,6,3,0.216,0.718,0.345,2.706
6,1,3,0.32,-0.004,-0.509,1.631
6,2,2,0.233,-1.129,0.247,0.575
6,4,1,0.099,0.433,1.888,2.094
6,5,2,0.129,1.247,-0.981,5.519
6,6,3,0.219,0.673,0.366,2.706
6.1,1,3,0.32,-0.007,-0.459,1.631
6.1,2,2,0.222,-1.176,0.223,0.575
6.1,4,1,0.102,0.433,1.888,2.094
6.1,5,2,0.127,1.228,-0.986,5.519
6.1,6,3,0.143,0.628,0.387,2.706
6.1,7,3,0.086,0.656,0.279,5.112
6.2,1,3,0.319,0.023,-0.499,5.364
6.2,2,2,0.222,-1.218,0.202,0.575
6.2,4,1,0.1,0.433,1.888,2.094
6.2,5,2,0.124,1.227,-1.005,5.519
6.2,6,3,0.15,0.676,0.4,0.265
6.2,7,3,0.085,0.676,0.233,5.112
6.3,1,3,0.315,0.062,-0.467,0.691
6.3,2,2,0.226,-1.221,0.192,0.575
6.3,4,1,0.1,0.433,1.888,2.094
6.3,5,2,0.126,1.224,-1.019,5.519
6.3,6,3,0.129,0.724,0.414,0.265
6.3,7,3,0.104,0.633,0.259,2.61
6.4,1,3,0.303,0.052,-0.516,4.512
6.4,2,2,0.228,-1.215,0.177,0.575
6.4,4,1,0.098,0.433,1.888,2.094
6.4,5,2,0.123,1.207,-1.031,5.519
6.4,6,3,0.131,0.679,0.435,2.703
6.4,7,3,0.117,0.59,0.284,2.61
6.5,1,3,0.301,0.102,-0.512,0.077
6.5,2,2,0.235,-1.207,0.176,0.575
6.5,4,1,0.097,0.433,1.888,2.094
6.5,5,2,0.124,1.229,-1.02,5.519
6.5,6,3,0.132,0.634,0.456,2.703
6.5,7,3,0.111,0.546,0.309,2.61
6.6,1,3,0.295,0.052,-0.511,3.104
6.6,2,2,0.232,-1.193,0.156,0.575
6.6,4,1,0.097,0.433,1.888,2.094
6.6,5,2,0.128,1.253,-0.997,5.519
6.6,6,3,0.145,0.589,0.477,2.703
6.6,7,3,0.103,0.561,0.262,5.014
6.7,1,3,0.299,0.07,-0.557,5.084
6.7,2,2,0.234,-1.201,0.159,0.575
6.7,4,1,0.097,0.433,1.888,2.094
6.7,5,2,0.126,1.257,-0.975,5.519
6.7,6,3,0.136,0.543,0.498,2.703
6.7,7,3,0.108,0.555,0.311,1.697
6.8,1,3,0.3,0.088,-0.604,5.084
6.8,2,2,0.236,-1.194,0.159,0.575
6.8,4,1,0.095,0.433,1.888,2.094
6.8,5,2,0.123,1.286,-0.932,5.519
6.8,6,3,0.136,0.592,0.51,0.228
6.8,7,3,0.11,0.549,0.361,1.697
6.9,1,3,0.304,0.106,-0.65,5.084
6.9,2,2,0.239,-1.184,0.163,0.575
6.9,4,1,0.097,0.433,1.888,2.094
6.9,5,2,0.115,1.325,-0.905,5.519
6.9,6,3,0.132,0.548,0.486,3.627
6.9,7,3,0.113,0.542,0.411,1.697
7,1,3,0.304,0.124,-0.697,5.084
7,2,2,0.243,-1.175,0.159,0.575
7,4,1,0.093,0.433,1.888,2.094
7,5,2,0.114,1.389,-0.872,5.519
7,6,3,0.12,0.558,0.535,1.367
7,7,3,0.126,0.536,0.46,1.697
7.1,1,3,0.315,0.17,-0.678,0.392
7.1,2,2,0.253,-1.164,0.153,0.575
7.1,5,2,0.101,1.456,-0.793,5.519
7.1,6,3,0.029,0.606,0.52,5.978
7.1,7,3,0.171,0.53,0.51,1.697
7.1,8,3,0.131,0.742,0.598,2.865
7.2,1,3,0.318,0.217,-0.659,0.392
7.2,2,2,0.259,-1.151,0.165,0.575
7.2,5,2,0.098,1.488,-0.817,5.519
7.2,6,3,0.069,0.564,0.492,3.734
7.2,7,3,0.139,0.524,0.559,1.697
7.2,8,3,0.117,0.694,0.611,2.865
7.3,1,3,0.307,0.263,-0.64,0.392
7.3,2,2,0.269,-1.144,0.137,0.575
7.3,5,2,0.097,1.515,-0.82,5.519
7.3,6,3,0.096,0.523,0.465,3.734
7.3,7,3,0.1,0.538,0.512,5.008
7.3,8,3,0.131,0.725,0.573,5.401
7.4,1,3,0.307,0.241,-0.594,2.011
7.4,2,2,0.265,-1.133,0.102,0.575
7.4,5,2,0.098,1.514,-0.831,5.519
7.4,6,3,0.08,0.481,0.437,3.734
7.4,7,3,0.144,0.497,0.54,2.53
7.4,8,3,0.106,0.757,0.534,5.401
7.5,1,3,0.303,0.278,-0.628,5.533
7.5,2,2,0.267,-1.143,0.093,0.575
7.5,5,2,0.097,1.503,-0.856,5.519
7.5,6,3,0.073,0.529,0.424,6.021
7.5,7,3,0.158,0.456,0.569,2.53
7.5,8,3,0.102,0.737,0.58,1.983
7.6,1,3,0.307,0.296,-0.582,1.214
7.6,2,2,0.263,-1.138,0.081,0.575
7.6,5,2,0.098,1.511,-0.846,5.519
7.6,6,3,0.053,0.502,0.466,2.144
7.6,7,3,0.175,0.415,0.598,2.53
7.6,8,3,0.104,0.742,0.53,4.806
7.7,1,3,0.3,0.313,-0.535,1.214
7.7,2,2,0.259,-1.151,0.049,0.575
7.7,5,2,0.098,1.503,-0.856,5.519
7.7,6,3,0.052,0.507,0.416,4.802
7.7,7,3,0.19,0.374,0.626,2.53
7.7,8,3,0.101,0.746,0.48,4.806
7.8,1,3,0.3,0.284,-0.576,4.098
7.8,2,2,0.253,-1.168,-0.025,0.575
7.8,5,2,0.098,1.495,-0.873,5.519
7.8,6,3,0.046,0.503,0.466,1.652
7.8,7,3,0.2,0.334,0.655,2.53
7.8,8,3,0.103,0.703,0.505,2.621
7.9,1,3,0.297,0.324,-0.545,0.647
7.9,2,2,0.255,-1.186,-0.048,0.575
7.9,5,2,0.1,1.503,-0.856,5.519
7.9,6,3,0.055,0.548,0.444,5.84
7.9,7,3,0.201,0.293,0.684,2.53
7.9,8,3,0.092,0.66,0.53,2.621
8,1,3,0.294,0.305,-0.592,4.323
8,2,2,0.255,-1.184,-0.095,0.575
8,5,2,0.098,1.525,-0.824,5.519
8,6,3,0.06,0.593,0.423,5.84
8,7,3,0.208,0.252,0.713,2.53
8,8,3,0.085,0.708,0.518,6.039
8.1,1,3,0.291,0.263,-0.565,2.588
8.1,2,2,0.178,-1.181,-0.109,0.575
8.1,5,2,0.1,1.542,-0.805,5.519
8.1,6,3,0.066,0.638,0.401,5.84
8.1,7,3,0.197,0.211,0.741,2.53
8.1,8,3,0.078,0.676,0.48,4.022
8.1,9,2,0.09,-1.405,0.702,5.425
8.2,1,3,0.249,0.285,-0.61,5.183
8.2,2,2,0.206,-1.106,-0.485,0.575
8.2,5,2,0.098,1.54,-0.801,5.519
8.2,6,3,0.063,0.683,0.38,5.84
8.2,7,3,0.194,0.233,0.697,5.181
8.2,8,3,0.075,0.719,0.454,5.74
8.2,9,2,0.115,-1.275,0.897,5.425
8.3,1,3,0.23,0.274,-0.561,1.804
8.3,2,2,0.217,-1.01,-0.66,0.575
8.3,5,2,0.1,1.542,-0.805,5.519
8.3,6,3,0.054,0.637,0.398,2.776
8.3,7,3,0.189,0.202,0.736,2.242
8.3,8,3,0.08,0.676,0.428,3.683
8.3,9,2,0.13,-1.167,0.91,5.425
8.4,1,3,0.221,0.231,-0.588,3.697
8.4,2,2,0.211,-0.949,-0.765,0.575
8.4,5,2,0.099,1.54,-0.801,5.519
8.4,6,3,0.086,0.678,0.37,5.702
8.4,7,3,0.19,0.235,0.698,5.415
8.4,8,3,0.047,0.634,0.402,3.683
8.4,9,2,0.146,-1.128,0.868,5.425
8.5,1,3,0.216,0.216,-0.54,1.872
8.5,2,2,0.212,-0.919,-0.833,0.575
8.5,5,2,0.1,1.548,-0.792,5.519
8.5,6,3,0.071,0.72,0.343,5.702
8.5,7,3,0.187,0.267,0.66,5.415
8.5,8,3,0.058,0.678,0.426,0.49
8.5,9,2,0.156,-1.11,0.807,5.425
8.6,1,3,0.211,0.265,-0.529,0.211
8.6,2,2,0.211,-0.88,-0.922,0.575
8.6,5,2,0.098,1.533,-0.818,5.519
8.6,6,3,0.066,0.738,0.39,1.203
8.6,7,3,0.186,0.302,0.695,0.781
8.6,8,3,0.06,0.722,0.449,0.49
8.6,9,2,0.168,-1.093,0.781,5.425
8.7,1,3,0.208,0.219,-0.547,3.509
8.7,2,2,0.204,-0.832,-0.985,0.575
8.7,5,2,0.098,1.517,-0.847,5.519
8.7,6,3,0.056,0.69,0.402,2.898
8.7,7,3,0.182,0.263,0.664,3.809
8.7,8,3,0.082,0.766,0.473,0.49
8.7,9,2,0.17,-1.093,0.723,5.425
8.8,1,3,0.204,0.249,-0.587,5.37
8.8,2,2,0.2,-0.816,-1.031,0.575
8.8,5,2,0.095,1.495,-0.873,5.519
8.8,6,3,0.055,0.738,0.389,6.032
8.8,7,3,0.188,0.313,0.657,6.142
8.8,8,3,0.08,0.81,0.496,0.49
8.8,9,2,0.178,-1.115,0.662,5.425
8.9,1,3,0.21,0.201,-0.573,2.867
8.9,2,2,0.191,-0.805,-1.047,0.575
8.9,5,2,0.098,1.488,-0.892,5.519
8.9,6,3,0.056,0.688,0.388,3.172
8.9,7,3,0.184,0.362,0.65,6.142
8.9,8,3,0.079,0.761,0.488,3.313
8.9,9,2,0.182,-1.108,0.62,5.425
9,1,3,0.217,0.153,-0.56,2.867
9,2,2,0.18,-0.803,-1.084,0.575
9,5,2,0.101,1.464,-0.906,5.519
9,6,3,0.052,0.638,0.386,3.172
9,7,3,0.18,0.312,0.646,3.217
9,8,3,0.093,0.778,0.441,5.071
9,9,2,0.177,-1.107,0.616,5.425
9.1,1,3,0.146,0.105,-0.546,2.867
9.1,2,2,0.161,-0.82,-1.118,0.575
9.1,5,2,0.122,1.444,-0.906,5.519
9.1,7,3,0.275,0.341,0.687,0.971
9.1,9,2,0.163,-1.13,0.611,5.425
9.1,10,2,0.133,-0.153,-0.322,5.246
9.2,1,3,0.161,0.139,-0.51,0.804
9.2,2,2,0.15,-0.834,-1.202,0.575
9.2,5,2,0.126,1.433,-0.77,5.519
9.2,7,3,0.263,0.369,0.728,0.971
9.2,9,2,0.149,-1.177,0.651,5.425
9.2,10,2,0.151,-0.324,-0.194,5.246
9.3,1,3,0.174,0.174,-0.474,0.804
9.3,2,2,0.141,-0.815,-1.274,0.575
9.3,5,2,0.126,1.437,-0.706,5.519
9.3,7,3,0.264,0.34,0.688,4.096
9.3,9,2,0.143,-1.218,0.699,5.425
9.3,10,2,0.152,-0.434,-0.162,5.246
9.4,1,3,0.176,0.209,-0.438,0.804
9.4,2,2,0.135,-0.777,-1.338,0.575
9.4,5,2,0.127,1.442,-0.697,5.519
9.4,7,3,0.267,0.311,0.647,4.096
9.4,9,2,0.135,-1.228,0.727,5.425
9.4,10,2,0.16,-0.544,-0.181,5.246
9.5,1,3,0.175,0.244,-0.402,0.804
9.5,2,2,0.133,-0.723,-1.392,0.575
9.5,5,2,0.125,1.454,-0.674,5.519
9.5,7,3,0.27,0.282,0.606,4.096
9.5,9,2,0.132,-1.237,0.767,5.425
9.5,10,2,0.165,-0.643,-0.224,5.246
9.6,1,3,0.178,0.235,-0.452,4.537
9.6,2,2,0.132,-0.652,-1.426,0.575
9.6,5,2,0.122,1.464,-0.677,5.519
9.6,7,3,0.274,0.253,0.565,4.096
9.6,9,2,0.133,-1.204,0.837,5.425
9.6,10,2,0.161,-0.735,-0.276,5.246
9.7,1,3,0.185,0.226,-0.501,4.537
9.7,2,2,0.133,-0.572,-1.457,0.575
9.7,5,2,0.12,1.484,-0.647,5.519
9.7,7,3,0.279,0.224,0.524,4.096
9.7,9,2,0.127,-1.161,0.895,5.425
9.7,10,2,0.156,-0.825,-0.29,5.246
9.8,1,3,0.186,0.217,-0.55,4.537
9.8,2,2,0.126,-0.533,-1.469,0.575
9.8,5,2,0.127,1.517,-0.58,5.519
9.8,7,3,0.275,0.195,0.484,4.096
9.8,9,2,0.123,-1.115,0.971,5.425
9.8,10,2,0.163,-0.927,-0.283,5.246
9.9,1,3,0.192,0.209,-0.599,4.537
9.9,2,2,0.129,-0.484,-1.5,0.575
9.9,5,2,0.127,1.531,-0.479,5.519
9.9,7,3,0.268,0.208,0.532,1.316
9.9,9,2,0.116,-1.016,1.084,5.425
9.9,10,2,0.168,-1.026,-0.287,5.246
10,1,3,0.195,0.2,-0.648,4.537
10,2,2,0.123,-0.417,-1.541,0.575
10,5,2,0.137,1.531,-0.363,5.519
10,7,3,0.26,0.162,0.512,3.544
10,9,2,0.115,-0.963,1.148,5.425
10,10,2,0.17,-1.075,-0.257,5.246
